25926
2046
100101467
2050
768213
10211
23052
26164
147798
10893
8798
252952
101929472
5095
9246
150684
10537
6376
283093
440243
2914
3134
93380
51374
23061
84268
104266961
170691
27232
54534
10592
105373682
80737
55304
2487
3805
81697
107987013
55795
2923
55544
18
100147744
83550
3120
27091
100291105
147081
55006
401247
54210
23005
102464824
54847
102465877
3346
6733
105372397
26505
11325
795
23774
4588
100423016
55180
375616
116443
105378328
6885
101926895
10000
105372746
25831
401535
26801
79818
9031
23462
10277
55971
79654
106144585
401492
8140
91351
2792
374308
10644
55680
3815
100302190
833
100313923
84790
400839
94104
